Timestamp (PST) DS	Station Abbrev. DS	Station ID DS	NO2 Rmk DS	NO2 (mg-N/L) DS lab reported	NO2 + NO3 Rmk DS	NO2 + NO3 (mg-N/L) DS lab reported	PO4 Rmk DS	PO4 (mg-P/L) DS lab reported	TDN Rmk DS	TDN (mg-N/L) DS lab reported	NH4 Rmk DS	NH4 (mg-N/L) DS lab reported	NO2 (uM) DS	NO2 + NO3 (uM) DS	PO4 (uM) DS	TDN (uM) DS	NH4 (uM) DS	DOC (mg-C/L) DS	Peak fDOM (RU) DS	UV Slope Ratio DS	A254 (AU/cm) DS	A280 (AU/cm) DS	A350 (AU/cm) DS	A370 (AU/cm) DS	A412 (AU/cm) DS	A440 (AU/cm) DS	A488 (AU/cm) DS	A510 (AU/cm) DS	A532 (AU/cm) DS	A555 (AU/cm) DS	Sag 275-295 nm DS	Sag 290-350 nm DS	Sag 350-400 nm DS	Sag 412-600 nm DS	Peak A (RU) DS	Peak B (RU) DS	Peak C (RU) DS	Peak D (RU) DS	Peak M (RU) DS	Peak N (RU) DS	Peak T (RU) DS	FI DS	HIX DS
9/10/2015 8:00	RIOV	11455420		0.030		0.347		0.103		0.755		0.10	2.13	24.786	3.433	46.717	7.100	2.380	0.152	1.033	0.052	0.036	0.010	0.007	0.003	0.002	0.001	0.001	0.001	0.000	0.020	0.019	0.019	0.014	0.395	0.145	0.227	0.080	0.220	0.151	0.122	1.585	0.770
9/10/2015 8:09	SRT6	380702121420201		0.033		0.360		0.102		0.680		0.10	2.36	25.714	3.400	44.848	7.500	2.153	0.157	1.034	0.053	0.037	0.010	0.007	0.003	0.002	0.001	0.001	0.001	0.001	0.019	0.018	0.019	0.014	0.407	0.108	0.227	0.082	0.229	0.157	0.124	1.597	0.792
9/10/2015 8:56	SJRFR	380353121403701		0.012		0.286		0.0950		0.480		0.02	0.87	20.429	3.157	32.272	1.671	2.193	0.172	1.064	0.060	0.043	0.012	0.008	0.004	0.003	0.001	0.001	0.001	0.001	0.019	0.018	0.018	0.013	0.466	0.131	0.252	0.094	0.248	0.177	0.150	1.600	0.800
9/10/2015 9:02	A	11313440		0.010		0.239		0.0937		0.481		0.02	0.69	17.071	3.123	29.611	1.221	2.308	0.177	1.069	0.063	0.045	0.013	0.009	0.004	0.003	0.001	0.001	0.001	0.001	0.020	0.018	0.018	0.013	0.481	0.147	0.256	0.094	0.260	0.184	0.162	1.584	0.790
9/10/2015 9:16	SJRT8	380542121393501		0.015		0.277		0.0930		0.540		0.03	1.09	19.786	3.117	33.099	2.307	2.221	0.170	1.048	0.059	0.042	0.012	0.008	0.004	0.002	0.001	0.001	0.001	0.001	0.020	0.018	0.019	0.014	0.452	0.108	0.246	0.090	0.246	0.171	0.132	1.556	0.802
9/10/2015 9:36	SJRT9	380604121372401		0.019		0.275		0.0870		0.510		0.05	1.33	19.643	2.913	35.916	3.436	2.297	0.171	1.047	0.059	0.042	0.012	0.008	0.004	0.003	0.001	0.001	0.001	0.001	0.020	0.018	0.019	0.013	0.464	0.115	0.249	0.093	0.248	0.169	0.133	1.593	0.803
9/10/2015 9:47	SJRT10	380536121342901		0.020		0.274		0.0910		0.550		0.05	1.43	19.571	3.033	34.021	3.379	2.136	0.167	1.040	0.057	0.041	0.012	0.008	0.004	0.002	0.001	0.001	0.001	0.001	0.019	0.018	0.019	0.014	0.453	0.121	0.247	0.090	0.245	0.169	0.128	1.601	0.815
9/10/2015 10:10	SJT	380433121341501		0.014		0.225		0.0880		0.440		0.04	1.01	16.071	2.930	29.150	2.700	2.199	0.181	1.032	0.062	0.045	0.013	0.009	0.004	0.003	0.001	0.001	0.001	0.001	0.019	0.017	0.019	0.014	0.478	0.173	0.259	0.098	0.259	0.187	0.141	1.577	0.802
9/10/2015 10:36	C	11313440		0.010		0.211		0.0962		0.404	<	0.01	0.68	15.071	3.207	24.339	0.338	2.203	0.178	1.052	0.064	0.045	0.013	0.009	0.004	0.003	0.001	0.001	0.001	0.001	0.019	0.018	0.019	0.014	0.486	0.054	0.261	0.096	0.260	0.169	0.128	1.592	0.835
9/10/2015 12:01	E	380000121373001		0.002		0.061		0.0879		0.281		0.02	0.16	4.357	2.930	17.422	1.179	2.684	0.216	1.045	0.079	0.057	0.017	0.012	0.006	0.004	0.002	0.001	0.001	0.001	0.019	0.017	0.018	0.014	0.588	0.063	0.313	0.119	0.304	0.218	0.152	1.569	0.842
9/10/2015 12:26	ORF	380300121344801		0.009		0.195		0.0920		0.412		0.03	0.67	13.929	3.067	26.567	2.071	2.310	0.195	1.025	0.067	0.048	0.014	0.010	0.005	0.003	0.001	0.001	0.001	0.001	0.019	0.017	0.018	0.014	0.524	0.056	0.287	0.105	0.282	0.187	0.135	1.551	0.847
9/10/2015 12:36	F	11313434		0.010		0.197		0.0871		0.450		0.02	0.73	14.071	2.903	27.766	1.407	2.629	0.221	1.028	0.073	0.052	0.015	0.011	0.005	0.003	0.002	0.001	0.001	0.001	0.019	0.017	0.018	0.014	0.594	0.156	0.322	0.120	0.304	0.207	0.154	1.592	0.833
9/10/2015 12:58	MRH	11312685		0.007		0.179		0.0900		0.394		0.02	0.54	12.786	3.000	26.869	1.586	2.448	0.220	1.023	0.073	0.052	0.015	0.011	0.005	0.003	0.002	0.001	0.001	0.001	0.019	0.017	0.018	0.013	0.602	0.115	0.321	0.121	0.315	0.208	0.157	1.588	0.841
9/10/2015 13:33	H	375627121333701		0.003		0.111		0.0830		0.310		0.01	0.24	7.929	2.780	23.268	0.807	2.802	0.239	1.031	0.082	0.060	0.017	0.012	0.006	0.004	0.002	0.002	0.001	0.001	0.019	0.018	0.018	0.013	0.648	0.166	0.348	0.127	0.333	0.239	0.180	1.566	0.834
9/10/2015 13:53	I	11313431		0.005		0.138		0.0919		0.367		0.02	0.38	9.857	3.063	22.140	1.329	2.588	0.226	1.038	0.077	0.056	0.016	0.012	0.006	0.004	0.002	0.001	0.001	0.001	0.019	0.017	0.018	0.013	0.616	0.132	0.330	0.126	0.315	0.222	0.161	1.553	0.845
9/10/2015 14:15	I	11313431		0.023		0.263		0.0866		0.547		0.06	1.62	18.786	2.887	34.784	4.271	2.260	0.170	1.064	0.060	0.043	0.012	0.009	0.004	0.003	0.001	0.001	0.001	0.001	0.019	0.017	0.018	0.013	0.456	0.343	0.252	0.093	0.252	0.172	0.160	1.574	0.766
9/14/2015 8:00	RIOV	11455420		0.025		0.371		0.107		0.628		0.07	1.81	26.500	3.567	38.364	4.736	2.000	0.169	1.029	0.055	0.039	0.011	0.008	0.004	0.002	0.001	0.001	0.001	0.000	0.019	0.018	0.019	0.016	0.445	0.066	0.242	0.086	0.237	0.158	0.103	1.587	0.862
9/14/2015 8:54	A	11313440		0.010		0.304		0.0967		0.510		0.02	0.68	21.714	3.223	28.068	1.279	2.103	0.184	1.050	0.061	0.044	0.012	0.009	0.004	0.003	0.001	0.001	0.001	0.000	0.019	0.018	0.018	0.016	0.483	0.072	0.262	0.096	0.264	0.183	0.130	1.620	0.860
9/14/2015 9:20	C	11313440		0.008		0.267		0.0950		0.465		0.02	0.59	19.071	3.167	26.752	1.257	2.163	0.186	1.043	0.062	0.044	0.012	0.009	0.004	0.003	0.001	0.001	0.001	0.001	0.019	0.018	0.018	0.015	0.497	0.039	0.264	0.095	0.267	0.179	0.115	1.596	0.869
9/14/2015 9:45	SJT	380433121341501		0.020		0.280		0.0930		0.550		0.06	1.41	20.000	3.087	33.501	4.421	2.073	0.182	1.020	0.058	0.042	0.012	0.008	0.004	0.002	0.001	0.001	0.001	0.000	0.019	0.017	0.019	0.016	0.475	0.087	0.260	0.095	0.252	0.168	0.117	1.586	0.857
9/14/2015 10:04	ORF	380300121344801		0.008		0.166		0.0913		0.377		0.03	0.54	11.857	3.043	24.208	2.243	2.366	0.211	1.049	0.069	0.050	0.015	0.010	0.005	0.003	0.002	0.001	0.001	0.001	0.019	0.017	0.018	0.014	0.550	0.067	0.301	0.111	0.294	0.201	0.128	1.623	0.870
9/14/2015 10:27	E	380000121373001		0.004		0.099		0.0922		0.335		0.02	0.28	7.071	3.073	20.495	1.664	2.640	0.228	1.051	0.076	0.055	0.016	0.011	0.005	0.003	0.002	0.001	0.001	0.001	0.019	0.017	0.018	0.014	0.593	0.046	0.317	0.119	0.307	0.214	0.134	1.612	0.871
9/14/2015 11:09	F	11313434		0.007		0.179		0.0859		0.393		0.03	0.48	12.786	2.863	25.128	2.179	2.452	0.233	1.013	0.073	0.052	0.015	0.011	0.005	0.003	0.002	0.001	0.001	0.001	0.019	0.017	0.018	0.015	0.624	0.095	0.336	0.123	0.319	0.200	0.136	1.593	0.874
9/14/2015 11:31	MRH	11312685		0.007		0.193		0.0934		0.400		0.02	0.47	13.786	3.113	25.570	1.471	2.427	0.221	1.034	0.072	0.052	0.015	0.011	0.005	0.003	0.002	0.001	0.001	0.001	0.019	0.017	0.018	0.014	0.596	0.053	0.317	0.118	0.311	0.205	0.130	1.559	0.874
9/14/2015 11:56	H	375627121333701		0.003		0.120		0.0900		0.330		0.02	0.23	8.571	3.003	21.702	1.386	2.581	0.250	1.008	0.079	0.057	0.017	0.012	0.006	0.004	0.002	0.001	0.001	0.001	0.018	0.017	0.018	0.015	0.669	0.031	0.362	0.134	0.344	0.227	0.134	1.571	0.887
9/14/2015 12:10	I	11313431		0.004		0.142		0.0913		0.346		0.02	0.31	10.143	3.043	23.502	1.571	2.456	0.229	1.025	0.074	0.054	0.016	0.011	0.005	0.003	0.002	0.001	0.001	0.001	0.019	0.017	0.018	0.015	0.603	0.130	0.328	0.122	0.318	0.211	0.138	1.567	0.859
9/14/2015 13:37	SJP1	375719121205401		0.073		2.580		0.641		3.440		0.17	5.21	184.286	21.367	200.297	11.929	4.465	0.475	0.955	0.115	0.081	0.021	0.015	0.007	0.004	0.002	0.001	0.001	0.001	0.019	0.019	0.020	0.016	1.169	0.148	0.710	0.222	0.716	0.497	0.327	1.785	0.845
9/14/2015 14:19	PPT	11313460		0.016		0.260		0.0981		0.513		0.05	1.17	18.571	3.270	30.869	3.493	2.166	0.197	1.032	0.063	0.045	0.013	0.009	0.004	0.003	0.001	0.001	0.001	0.001	0.019	0.017	0.018	0.015	0.528	0.075	0.285	0.105	0.278	0.189	0.126	1.610	0.856
9/14/2015 14:53	NMR	380837121333401		0.069		0.346		0.102		0.900		0.36	4.92	24.714	3.400	56.634	26.071	1.582	0.130	1.023	0.041	0.029	0.008	0.006	0.003	0.002	0.001	0.001	0.001	0.000	0.019	0.018	0.018	0.014	0.318	0.047	0.186	0.066	0.177	0.126	0.105	1.686	0.833
9/14/2015 16:23	CFL	11455508		0.089		0.411		0.124		0.630		0.17	6.39	29.357	4.133	38.808	12.500	2.519	0.209	1.060	0.072	0.051	0.014	0.010	0.005	0.003	0.001	0.001	0.001	0.001	0.020	0.018	0.019	0.014	0.589	0.119	0.299	0.109	0.313	0.227	0.155	1.626	0.840
10/21/2015 8:11	SRT6	380702121420201		0.049		0.501		0.0983		0.871		0.19	2.55	36.286	3.400	43.922	8.143	1.688	0.124	1.025	0.042	0.030	0.008	0.006	0.003	0.002	0.001	0.001	0.001	0.001	0.019	0.018	0.019	0.013	0.330	0.076	0.179	0.063	0.175	0.119	0.090	1.576	0.830
10/21/2015 8:55	CFL	11455508		0.070		0.533		0.114		0.667		0.21	4.96	38.071	3.800	40.028	14.714	2.249	0.167	1.033	0.059	0.042	0.012	0.008	0.004	0.003	0.001	0.001	0.001	0.001	0.019	0.018	0.019	0.013	0.463	0.057	0.246	0.088	0.250	0.168	0.116	1.587	0.860
10/21/2015 9:30	SJRT6	380205121424501		0.029		0.436		0.111		0.590		0.03	2.09	31.143	3.700	33.379	2.314	2.153	0.168	1.051	0.059	0.043	0.012	0.008	0.004	0.003	0.001	0.001	0.001	0.001	0.020	0.019	0.019	0.013	0.465	0.167	0.245	0.089	0.250	0.193	0.176	1.652	0.803
10/21/2015 9:43	A	11313440		0.018		0.417		0.101		0.548		0.04	1.25	29.786	3.367	34.677	2.729	1.996	0.162	1.039	0.055	0.039	0.011	0.008	0.004	0.002	0.001	0.001	0.001	0.001	0.019	0.018	0.019	0.013	0.433	0.230	0.234	0.084	0.230	0.161	0.145	1.632	0.804
10/21/2015 10:11	SJRT8	380542121393501		0.016		0.404		0.0990		0.570		0.04	1.17	28.857	3.290	33.743	2.886	1.996	0.162	1.027	0.054	0.039	0.011	0.008	0.004	0.002	0.001	0.001	0.001	0.001	0.019	0.018	0.019	0.013	0.425	0.144	0.231	0.084	0.233	0.159	0.116	1.585	0.825
10/21/2015 10:26	SJRT9	380604121372401		0.031		0.444		0.0890		0.630		0.09	2.24	31.714	2.980	40.028	6.100	1.858	0.150	1.012	0.050	0.036	0.010	0.007	0.004	0.002	0.001	0.001	0.001	0.001	0.019	0.017	0.019	0.012	0.405	0.047	0.218	0.080	0.210	0.141	0.102	1.623	0.858
10/21/2015 10:45	SJRT10	380536121342901		0.034		0.439		0.0930		0.640		0.09	2.44	31.357	3.093	42.070	6.579	1.902	0.150	1.014	0.051	0.037	0.011	0.007	0.004	0.002	0.001	0.001	0.001	0.001	0.019	0.017	0.019	0.012	0.400	0.157	0.218	0.079	0.213	0.152	0.132	1.650	0.810
10/21/2015 10:54	SJT	380433121341501		0.031		0.414		0.0930		0.620		0.09	2.23	29.571	3.103	38.622	6.621	2.024	0.163	1.013	0.054	0.039	0.011	0.008	0.004	0.003	0.001	0.001	0.001	0.001	0.019	0.017	0.019	0.013	0.441	0.107	0.237	0.085	0.229	0.161	0.145	1.600	0.821
10/21/2015 11:02	PPT	11313460		0.021		0.369		0.0899		0.523		0.06	1.50	26.357	2.997	35.785	4.421	2.181	0.177	1.016	0.060	0.043	0.013	0.009	0.004	0.003	0.001	0.001	0.001	0.001	0.019	0.017	0.018	0.012	0.478	0.112	0.260	0.095	0.247	0.171	0.137	1.610	0.845
10/21/2015 12:24	SJRSDWS	375706121201001		0.018		0.958		0.233		1.230		0.05	1.27	68.429	7.767	102.453	3.757	3.009	0.256	0.990	0.070	0.050	0.014	0.010	0.005	0.003	0.002	0.001	0.001	0.001	0.019	0.018	0.019	0.012	0.630	0.175	0.379	0.121	0.374	0.255	0.192	1.782	0.833
10/21/2015 13:20	ORF	380300121344801		0.015		0.679		0.166		0.920		0.04	1.04	48.500	5.533	54.416	2.593	2.678	0.201	1.027	0.066	0.048	0.014	0.010	0.005	0.003	0.002	0.001	0.001	0.001	0.019	0.017	0.018	0.012	0.522	0.213	0.287	0.102	0.286	0.200	0.176	1.670	0.810
10/21/2015 13:30	F	11313434		0.005		0.202		0.0951		0.374		0.02	0.36	14.429	3.170	24.980	1.750	2.493	0.215	1.006	0.073	0.053	0.016	0.011	0.006	0.004	0.002	0.001	0.001	0.001	0.018	0.017	0.018	0.012	0.578	0.062	0.308	0.115	0.292	0.200	0.136	1.564	0.869
10/21/2015 14:02	MRH	11312685		0.006		0.293		0.0992		0.464		0.02	0.41	20.929	3.307	32.974	1.571	2.606	0.236	0.993	0.076	0.055	0.016	0.011	0.006	0.004	0.002	0.001	0.001	0.001	0.018	0.017	0.019	0.013	0.647	0.071	0.340	0.122	0.327	0.211	0.140	1.612	0.876
10/21/2015 14:25	H	375627121333701		0.003		0.162		0.0900		0.320		0.02	0.25	11.571	3.003	23.432	1.271	2.691	0.246	0.999	0.082	0.059	0.018	0.013	0.006	0.004	0.002	0.002	0.001	0.001	0.018	0.017	0.018	0.013	0.684	0.044	0.359	0.133	0.338	0.223	0.140	1.602	0.876
10/21/2015 14:43	I	11313431		0.004		0.139		0.100		0.287		0.02	0.27	9.929	3.333	21.747	1.429	2.567	0.202	1.021	0.074	0.054	0.016	0.012	0.006	0.004	0.002	0.002	0.001	0.001	0.018	0.017	0.018	0.013	0.562	0.049	0.296	0.111	0.284	0.194	0.130	1.581	0.867
10/21/2015 15:04	E	380000121373001		0.003		0.088		0.104		0.232		0.01	0.18	6.286	3.467	20.460	1.007	2.650	0.204	1.045	0.075	0.055	0.017	0.012	0.006	0.004	0.002	0.002	0.001	0.001	0.019	0.017	0.018	0.012	0.549	0.141	0.295	0.110	0.289	0.203	0.154	1.620	0.841
10/21/2015 15:45	C	11313440		0.014		0.404		0.0987		0.529		0.04	0.98	28.857	3.290	31.965	2.514	2.003	0.161	1.035	0.056	0.040	0.012	0.008	0.004	0.003	0.001	0.001	0.001	0.001	0.019	0.017	0.018	0.011	0.437	0.052	0.231	0.087	0.226	0.153	0.111	1.580	0.858
10/21/2015 16:25	NMR	380837121333401		0.067		0.438		0.0950		0.820		0.28	4.79	31.286	3.183	54.639	20.000	1.611	0.103	1.034	0.036	0.026	0.008	0.005	0.003	0.002	0.001	0.001	0.001	0.001	0.019	0.017	0.019	0.010	0.254	0.052	0.149	0.055	0.140	0.103	0.080	1.707	0.837
4/18/2016 8:50	SRT6	380702121420201		0.011		0.203		0.0610		0.500		0.19	0.76	14.500	2.050	2.832	13.286	2.132	0.157	0.959	0.056	0.040	0.012	0.008	0.004	0.002	0.001	0.001	0.001	0.001	0.018	0.018	0.019	0.014	0.391	0.135	0.227	0.080	0.208	0.139	0.137	1.593	0.793
4/18/2016 10:10	CFL	11455508		0.011		0.302		0.0667		0.531		0.08	0.75	21.571	2.223	3.285	5.643	2.664	0.231	0.939	0.080	0.058	0.018	0.012	0.006	0.004	0.002	0.001	0.001	0.001	0.017	0.017	0.018	0.015	0.587	0.077	0.332	0.122	0.294	0.197	0.156	1.560	0.857
4/18/2016 10:40	SJRT6	380205121424501		0.008		0.321		0.0610		0.530		0.04	0.57	22.929	2.043	3.656	2.957	3.078	0.300	0.905	0.100	0.072	0.022	0.016	0.007	0.005	0.002	0.002	0.001	0.001	0.017	0.017	0.019	0.015	0.780	0.121	0.433	0.160	0.377	0.236	0.161	1.551	0.873
4/18/2016 11:00	SJRFR	380353121403701		0.008		0.328		0.0610		0.520		0.04	0.57	23.429	2.050	3.654	2.907	3.089	0.312	0.923	0.106	0.077	0.025	0.017	0.008	0.005	0.003	0.002	0.002	0.002	0.017	0.016	0.018	0.012	0.828	0.312	0.455	0.166	0.402	0.268	0.260	1.558	0.835
4/18/2016 11:10	A	11313440		0.008		0.333		0.0615		0.550		0.04	0.58	23.786	2.050	3.711	2.900	3.112	0.314	0.905	0.104	0.075	0.023	0.016	0.008	0.005	0.002	0.002	0.001	0.001	0.017	0.017	0.019	0.014	0.824	0.029	0.457	0.166	0.391	0.249	0.164	1.583	0.890
4/18/2016 11:40	ORF	380300121344801		0.005		0.347		0.0688		0.600		0.02	0.35	24.786	2.293	4.670	1.764	4.040	0.422	0.889	0.140	0.101	0.032	0.022	0.010	0.006	0.003	0.002	0.002	0.001	0.017	0.016	0.019	0.014	1.116	0.010	0.616	0.225	0.530	0.313	0.168	1.581	0.910
4/18/2016 12:10	E	380000121373001		0.005		0.265		0.0649		0.516		0.02	0.33	18.929	2.163	4.548	1.529	4.006	0.394	0.906	0.133	0.096	0.030	0.021	0.010	0.006	0.003	0.002	0.002	0.001	0.017	0.016	0.019	0.014	1.042	0.078	0.571	0.211	0.501	0.305	0.174	1.571	0.894
4/18/2016 12:40	I	11313431		0.005		0.343		0.0679		0.611		0.02	0.33	24.500	2.263	4.778	1.743	4.137	0.438	0.890	0.144	0.103	0.032	0.023	0.010	0.007	0.003	0.002	0.002	0.001	0.017	0.016	0.019	0.014	1.187	0.039	0.646	0.236	0.553	0.338	0.197	1.570	0.902
4/18/2016 13:00	H	375627121333701		0.005		0.438		0.0820		0.790		0.03	0.39	31.286	2.723	5.797	1.943	4.972	0.553	0.885	0.175	0.126	0.040	0.028	0.013	0.008	0.004	0.003	0.002	0.002	0.016	0.016	0.019	0.014	1.456	-0.004	0.810	0.294	0.693	0.409	0.221	1.580	0.915
4/18/2016 13:30	MRH	11312685		0.007		0.501		0.0996		0.790		0.03	0.52	35.786	3.320	5.746	2.107	4.919	0.529	0.886	0.171	0.124	0.040	0.028	0.013	0.008	0.004	0.003	0.002	0.002	0.016	0.016	0.018	0.014	1.387	0.019	0.784	0.279	0.674	0.400	0.215	1.580	0.910
4/18/2016 13:50	F	11313434		0.006		0.376		0.0734		0.667		0.03	0.39	26.857	2.447	5.011	1.829	4.313	0.470	0.884	0.151	0.109	0.035	0.024	0.011	0.007	0.004	0.003	0.002	0.002	0.016	0.016	0.018	0.014	1.232	-0.004	0.680	0.250	0.584	0.344	0.191	1.580	0.912
4/18/2016 14:20	SJT	380433121341501		0.009		0.329		0.0690		0.590		0.08	0.63	23.500	2.303	3.871	5.429	3.193	0.320	0.901	0.107	0.078	0.025	0.017	0.008	0.005	0.003	0.002	0.002	0.001	0.016	0.016	0.018	0.013	0.837	0.061	0.470	0.170	0.407	0.263	0.180	1.573	0.885
4/18/2016 14:30	PPT	11313460		0.009		0.323		0.0693		0.589		0.09	0.62	23.071	2.310	3.829	6.221	3.144	0.313	0.925	0.106	0.077	0.025	0.017	0.008	0.005	0.003	0.002	0.002	0.002	0.017	0.016	0.018	0.012	0.813	0.210	0.461	0.167	0.403	0.248	0.183	1.571	0.863
4/18/2016 15:20	SJP2	375709121190301		0.025		1.050		0.318		1.740		0.19	1.79	75.000	10.600	7.639	13.500	5.684	0.540	0.927	0.169	0.122	0.037	0.025	0.012	0.007	0.004	0.003	0.002	0.002	0.017	0.017	0.019	0.014	1.404	0.120	0.820	0.269	0.759	0.472	0.283	1.649	0.887
4/18/2016 15:25	SJP2	375709121190301		0.024		1.030		0.320		1.650		0.17	1.74	73.571	10.667	7.545	12.429	5.697	0.553	0.918	0.170	0.123	0.037	0.025	0.012	0.007	0.004	0.003	0.002	0.002	0.017	0.017	0.019	0.015	1.415	0.097	0.829	0.272	0.770	0.492	0.283	1.646	0.887
4/18/2016 16:20	SJRT10	380536121342901		0.009		0.334		0.0700		0.570		0.08	0.67	23.857	2.323	3.884	5.393	3.227	0.304	0.935	0.106	0.077	0.024	0.017	0.008	0.005	0.003	0.002	0.002	0.001	0.017	0.016	0.018	0.012	0.791	0.307	0.437	0.160	0.395	0.258	0.228	1.544	0.832
4/18/2016 16:40	NMR	380837121333401		0.009		0.165		0.0510		0.510		0.23	0.61	11.786	1.687	2.628	16.500	1.876	0.148	0.954	0.056	0.040	0.013	0.009	0.004	0.003	0.002	0.001	0.001	0.001	0.017	0.016	0.018	0.011	0.370	0.053	0.214	0.078	0.190	0.121	0.093	1.565	0.861
4/18/2016 17:10	SJRT9	380604121372401		0.009		0.332		0.0660		0.560		0.07	0.66	23.714	2.210	3.712	4.964	3.077	0.305	0.910	0.102	0.073	0.023	0.016	0.008	0.005	0.003	0.002	0.002	0.001	0.017	0.016	0.018	0.012	0.793	0.039	0.445	0.161	0.386	0.231	0.140	1.557	0.902
4/18/2016 17:20	SJRT8	380542121393501		0.008		0.329		0.0630		0.520		0.05	0.60	23.500	2.103	3.582	3.479	3.001	0.305	0.905	0.101	0.073	0.023	0.016	0.007	0.005	0.002	0.002	0.001	0.001	0.017	0.016	0.019	0.014	0.795	0.027	0.443	0.159	0.383	0.227	0.131	1.578	0.905
7/13/2016 8:40	RIOV	11455420		0.014		0.152		0.0510		0.460		0.17	0.99	10.857	1.693	137.143	12.071		0.110	1.050	0.050	0.030	0.010	0.010	0.000	0.000	0.000	0.000	0.000	0.000	0.020	0.020	0.020	0.010	0.300	0.250	0.170	0.060	0.160	0.110	0.120	1.560	0.740
7/13/2016 9:00	SRT6	380702121420201		0.015		0.170		0.0480		0.390		0.14	1.06	12.143	1.603	131.429	9.786		0.110	1.030	0.050	0.030	0.010	0.010	0.000	0.000	0.000	0.000	0.000	0.000	0.020	0.020	0.020	0.010	0.310	0.140	0.170	0.060	0.160	0.110	0.110	1.520	0.790
7/13/2016 9:40	SJRT8	380542121393501		0.008		0.171		0.0470		0.280		0.01	0.58	12.214	1.573	142.857	1.036		0.150	1.050	0.060	0.040	0.010	0.010	0.000	0.000	0.000	0.000	0.000	0.000	0.020	0.020	0.020	0.010	0.410	0.080	0.220	0.080	0.200	0.140	0.110	1.550	0.840
7/13/2016 9:41	SJRT8	380542121393501		0.008		0.176		0.0474		0.268		0.15	0.57	12.571	1.580	152.857	1.057		0.150	1.030	0.060	0.040	0.010	0.010	0.000	0.000	0.000	0.000	0.000	0.000	0.020	0.020	0.020	0.010	0.400	0.080	0.220	0.080	0.200	0.130	0.110	1.530	0.840
7/13/2016 10:00	SJRT9	380604121372401		0.011		0.155		0.0420		0.270		0.01	0.76	11.071	1.387	140.000	0.964		0.140	1.040	0.050	0.040	0.010	0.010	0.000	0.000	0.000	0.000	0.000	0.000	0.020	0.020	0.020	0.010	0.360	0.040	0.200	0.080	0.190	0.130	0.100	1.560	0.840
7/13/2016 10:40	NMR	380837121333401		0.014		0.112		0.0470		0.430		0.23	0.97	8.000	1.553	120.000	16.429		0.120	1.030	0.040	0.030	0.010	0.010	0.000	0.000	0.000	0.000	0.000	0.000	0.020	0.020	0.020	0.010	0.280	0.240	0.160	0.070	0.150	0.110	0.130	1.660	0.740
7/13/2016 11:10	SJRT10	380536121342901		0.013		0.138		0.0370		0.270		0.04	0.90	9.857	1.233	135.714	2.693		0.130	1.040	0.050	0.040	0.010	0.010	0.000	0.000	0.000	0.000	0.000	0.000	0.020	0.020	0.020	0.010	0.340	0.080	0.190	0.070	0.180	0.120	0.100	1.520	0.840
7/13/2016 11:20	SJT	380433121341501		0.012		0.144		0.0390		0.260		0.04	0.85	10.286	1.307	135.714	2.800		0.140	1.050	0.050	0.040	0.010	0.010	0.000	0.000	0.000	0.000	0.000	0.000	0.020	0.020	0.020	0.010	0.370	0.060	0.200	0.080	0.180	0.130	0.090	1.560	0.840
7/13/2016 11:30	ORF	380300121344801		0.005		0.049		0.0440		0.150	<	0.01	0.36	3.500	1.480	155.000	0.338		0.160	1.060	0.060	0.040	0.010	0.010	0.010	0.000	0.000	0.000	0.000	0.000	0.020	0.020	0.020	0.010	0.430	0.040	0.220	0.090	0.220	0.150	0.100	1.570	0.860
7/13/2016 11:31	ORF	380300121344801		0.005		0.049		0.0443		0.147	<	0.01	0.36	3.500	1.477	154.286	0.338		0.160	1.080	0.060	0.040	0.010	0.010	0.010	0.000	0.000	0.000	0.000	0.000	0.020	0.020	0.020	0.010	0.420	0.060	0.220	0.090	0.210	0.140	0.110	1.580	0.850
7/13/2016 11:50	F	11313434		0.004		0.054		0.0520		0.170	<	0.01	0.27	3.857	1.723	160.000	0.338		0.180	1.050	0.070	0.050	0.010	0.010	0.010	0.000	0.000	0.000	0.000	0.000	0.020	0.020	0.020	0.010	0.470	0.040	0.250	0.100	0.230	0.160	0.110	1.560	0.870
7/13/2016 12:10	MRH	11312685		0.005		0.053		0.0490		0.190	<	0.01	0.37	3.786	1.620	157.857	0.338		0.190	1.040	0.070	0.050	0.020	0.010	0.010	0.000	0.000	0.000	0.000	0.000	0.020	0.020	0.020	0.010	0.500	0.040	0.260	0.110	0.240	0.170	0.110	1.520	0.870
7/13/2016 12:40	H	375627121333701		0.003		0.056		0.0620		0.200		0.01	0.19	4.000	2.070	166.429	0.779		0.190	1.050	0.070	0.050	0.020	0.010	0.010	0.000	0.000	0.000	0.000	0.000	0.020	0.020	0.020	0.010	0.490	0.020	0.260	0.100	0.240	0.160	0.110	1.560	0.870
7/13/2016 13:00	I	11313431		0.003		0.043		0.0570		0.170	<	0.01	0.22	3.071	1.900	167.143	0.338		0.170	1.060	0.070	0.050	0.010	0.010	0.010	0.000	0.000	0.000	0.000	0.000	0.020	0.020	0.020	0.010	0.450	0.050	0.240	0.090	0.230	0.160	0.120	1.560	0.850
7/13/2016 13:40	E	380000121373001		0.002	<	0.040		0.0848		0.203		0.01	0.12	1.429	2.827	195.714	0.943		0.210	1.050	0.080	0.060	0.020	0.010	0.010	0.000	0.000	0.000	0.000	0.000	0.020	0.020	0.020	0.010	0.550	0.030	0.300	0.110	0.280	0.180	0.140	1.570	0.860
7/13/2016 14:40	A	11313440		0.006		0.186		0.0570		0.300		0.02	0.41	13.286	1.890	152.857	1.200		0.150	1.050	0.060	0.040	0.010	0.010	0.000	0.000	0.000	0.000	0.000	0.000	0.020	0.020	0.020	0.010	0.400	0.060	0.220	0.090	0.210	0.140	0.110	1.530	0.850
7/13/2016 14:50	SJRFR	380353121403701		0.006		0.191		0.0610		0.330		0.01	0.42	13.643	2.017	145.000	0.929		0.150	1.050	0.060	0.040	0.010	0.010	0.000	0.000	0.000	0.000	0.000	0.000	0.020	0.020	0.020	0.010	0.400	0.020	0.210	0.080	0.200	0.140	0.110	1.500	0.860
7/13/2016 15:00	SJRT6	380205121424501		0.005		0.197		0.0620		0.340		0.02	0.37	14.071	2.063	145.000	1.150		0.150	1.060	0.060	0.040	0.010	0.010	0.000	0.000	0.000	0.000	0.000	0.000	0.020	0.020	0.020	0.010	0.410	0.030	0.220	0.090	0.200	0.140	0.100	1.560	0.860
7/13/2016 15:30	CFL	11455508		0.006		0.293		0.0730		0.480		0.05	0.44	20.929	2.433	153.571	3.414		0.170	1.050	0.060	0.040	0.010	0.010	0.000	0.000	0.000	0.000	0.000	0.000	0.020	0.020	0.020	0.010	0.440	0.020	0.230	0.090	0.220	0.150	0.100	1.540	0.870
